2.332467460632324219e+01 1.312244772911071777e+00 -1.776216179132461548e-01 -8.239743709564208984e-01 -5.763930320739746094e+00 2.360866546630859375e+00 -2.338476896286010742e+00 -3.900780916213989258e+00 -1.138883495330810547e+01 -2.372430801391601562e+00 1.998035192489624023e+00 -3.420300245285034180e+00 -2.527627944946289062e+00 1.623777270317077637e+00 1.796115636825561523e+00 4.778592586517333984e+00 -3.730373978614807129e-01 4.744399189949035645e-01 -4.347389221191406250e+00 2.547170877456665039e+00 8.340040206909179688e+00 5.677055358886718750e+00 9.878548622131347656e+00 -6.299678802490234375e+00 2.285777807235717773e+00 1.617399215698242188e+00
1.312244772911071777e+00 9.018136024475097656e+00 -2.554467916488647461e+00 -1.079682230949401855e+00 2.480787515640258789e+00 -1.089884161949157715e+00 -1.840654492378234863e+00 2.938238620758056641e+00 -2.191341400146484375e+00 2.333156824111938477e+00 -7.353173494338989258e-01 2.210245132446289062e+00 -5.242458343505859375e+00 7.410401105880737305e-01 -3.822841882705688477e+00 -8.896234035491943359e-01 1.521638393402099609e+00 -1.931609869003295898e+00 -1.640358328819274902e+00 1.206917762756347656e+00 3.995493173599243164e+00 -4.317642450332641602e-01 2.911220073699951172e+00 1.694684624671936035e+00 1.057600498199462891e+00 1.699763178825378418e+00
-1.776216179132461548e-01 -2.554467916488647461e+00 7.630541324615478516e+00 1.046592950820922852e+00 3.445868790149688721e-01 -3.847384452819824219e+00 1.467293620109558105e+00 1.373984217643737793e+00 -1.458534955978393555e+00 -3.937246084213256836e+00 -3.768866881728172302e-02 2.135806530714035034e-01 1.719373941421508789e+00 4.288867115974426270e-01 5.025671124458312988e-01 1.347944140434265137e-01 -1.531470865011215210e-01 2.690575361251831055e+00 -3.074411451816558838e-01 1.627216577529907227e+00 1.923875927925109863e+00 9.286528825759887695e-02 -9.299319982528686523e-01 -8.304622173309326172e-01 -5.175477266311645508e-01 -2.474008321762084961e+00
-8.239743709564208984e-01 -1.079682230949401855e+00 1.046592950820922852e+00 4.066167354583740234e+00 2.131618022918701172e+00 2.494222879409790039e+00 1.914415597915649414e+00 3.398564457893371582e-01 6.543777883052825928e-02 -3.716826915740966797e+00 -5.928009748458862305e-01 -1.532395839691162109e+00 -8.587435483932495117e-01 1.174592375755310059e+00 -1.995580077171325684e+00 2.410691499710083008e+00 -8.815236687660217285e-01 -3.113219141960144043e-02 -2.021399736404418945e+00 6.148054599761962891e-01 2.464074134826660156e+00 -4.795802235603332520e-01 -2.100186586380004883e+00 -1.717014551162719727e+00 4.395933151245117188e-01 1.076398372650146484e+00
-5.763930320739746094e+00 2.480787515640258789e+00 3.445868790149688721e-01 2.131618022918701172e+00 7.362445354461669922e+00 1.361555218696594238e+00 4.995618820190429688e+00 9.174409508705139160e-01 3.473822116851806641e+00 -1.565132021903991699e+00 1.089054718613624573e-01 -1.125266313552856445e+00 -3.824120044708251953e+00 1.501304864883422852e+00 -1.972611665725708008e+00 8.680177927017211914e-01 -1.362130641937255859e+00 -1.219003438949584961e+00 3.663994073867797852e-01 9.256224036216735840e-01 2.503921687602996826e-01 2.303054809570312500e+00 -6.873044013977050781e+00 2.803982734680175781e+00 9.090474843978881836e-01 -3.447618722915649414e+00
2.360866546630859375e+00 -1.089884161949157715e+00 -3.847384452819824219e+00 2.494222879409790039e+00 1.361555218696594238e+00 1.083993816375732422e+01 -6.134952902793884277e-01 -4.499810218811035156e+00 2.098409831523895264e-01 9.964900612831115723e-01 1.878775477409362793e+00 -6.195917725563049316e-01 8.290574550628662109e-01 -1.143477320671081543e+00 -6.208254098892211914e-01 6.601473808288574219e+00 -3.672532558441162109e+00 -1.645324349403381348e+00 -8.565403819084167480e-01 3.702828884124755859e-01 6.495152950286865234e+00 2.813150644302368164e+00 1.508026123046875000e+00 -2.768701553344726562e+00 -9.636805057525634766e-01 -5.867369174957275391e-01
-2.338476896286010742e+00 -1.840654492378234863e+00 1.467293620109558105e+00 1.914415597915649414e+00 4.995618820190429688e+00 -6.134952902793884277e-01 1.414237022399902344e+01 -1.922350049018859863e+00 2.184939861297607422e+00 -4.269825935363769531e+00 -1.638926386833190918e+00 -6.647420883178710938e+00 -3.312324523925781250e+00 2.304509401321411133e+00 1.055486798286437988e+00 -4.161710739135742188e+00 -4.257448196411132812e+00 2.150387316942214966e-01 -1.230546236038208008e-01 4.971826076507568359e+00 -2.831915855407714844e+00 5.629518508911132812e+00 -7.014736652374267578e+00 3.628328561782836914e+00 4.635092735290527344e+00 -5.959610939025878906e+00
-3.900780916213989258e+00 2.938238620758056641e+00 1.373984217643737793e+00 3.398564457893371582e-01 9.174409508705139160e-01 -4.499810218811035156e+00 -1.922350049018859863e+00 6.209845066070556641e+00 -3.838739395141601562e-01 -5.443732142448425293e-01 -3.227405786514282227e+00 3.072178602218627930e+00 -9.575956463813781738e-01 -9.795498847961425781e-01 -3.822961807250976562e+00 -4.655521512031555176e-01 3.319756269454956055e+00 1.173540115356445312e+00 -7.173120379447937012e-01 -1.528636455535888672e+00 -5.733154341578483582e-02 -4.113986492156982422e+00 -3.656777739524841309e-01 4.941579401493072510e-01 -7.348682284355163574e-01 1.900061607360839844e+00
-1.138883495330810547e+01 -2.191341400146484375e+00 -1.458534955978393555e+00 6.543777883052825928e-02 3.473822116851806641e+00 2.098409831523895264e-01 2.184939861297607422e+00 -3.838739395141601562e-01 9.906850814819335938e+00 2.396859169006347656e+00 1.598720431327819824e+00 8.037925958633422852e-01 -1.634273886680603027e+00 1.945652723312377930e+00 -1.079312041401863098e-01 -1.560500979423522949e+00 -7.043200731277465820e-01 -1.909301519393920898e+00 1.582599401473999023e+00 -1.006585836410522461e+00 -4.735388755798339844e+00 2.551751434803009033e-01 -1.057767105102539062e+01 6.370155334472656250e+00 -2.013099670410156250e+00 -1.915128231048583984e+00
-2.372430801391601562e+00 2.333156824111938477e+00 -3.937246084213256836e+00 -3.716826915740966797e+00 -1.565132021903991699e+00 9.964900612831115723e-01 -4.269825935363769531e+00 -5.443732142448425293e-01 2.396859169006347656e+00 1.064681816101074219e+01 7.912403345108032227e-01 2.493605375289916992e+00 3.241545915603637695e+00 -6.695273518562316895e-01 8.937346935272216797e-01 -1.723122954368591309e+00 3.846556186676025391e+00 -4.217993259429931641e+00 -6.536193192005157471e-02 -5.408881187438964844e+00 -1.636555671691894531e+00 -1.569409132003784180e+00 6.008555293083190918e-01 1.928628087043762207e+00 -9.906331300735473633e-01 -2.648710966110229492e+00
1.998035192489624023e+00 -7.353173494338989258e-01 -3.768866881728172302e-02 -5.928009748458862305e-01 1.089054718613624573e-01 1.878775477409362793e+00 -1.638926386833190918e+00 -3.227405786514282227e+00 1.598720431327819824e+00 7.912403345108032227e-01 4.070658683776855469e+00 2.366255074739456177e-01 -1.308519363403320312e+00 1.955892682075500488e+00 2.246420145034790039e+00 2.036922931671142578e+00 -1.554595470428466797e+00 -1.928398609161376953e+00 3.530060350894927979e-01 1.283295899629592896e-01 -1.994805596768856049e-02 3.627608060836791992e+00 -1.359536170959472656e+00 7.885289192199707031e-01 -5.818801522254943848e-01 -1.066204786300659180e+00
-3.420300245285034180e+00 2.210245132446289062e+00 2.135806530714035034e-01 -1.532395839691162109e+00 -1.125266313552856445e+00 -6.195917725563049316e-01 -6.647420883178710938e+00 3.072178602218627930e+00 8.037925958633422852e-01 2.493605375289916992e+00 2.366255074739456177e-01 8.137353897094726562e+00 9.844586849212646484e-01 -3.788388013839721680e+00 -3.162066459655761719e+00 3.324556827545166016e+00 2.016807049512863159e-01 -3.242368400096893311e-01 -1.564674079418182373e-01 -1.809146851301193237e-01 2.247355222702026367e+00 -1.338421106338500977e+00 4.376199245452880859e+00 7.925918698310852051e-01 -3.616385936737060547e+00 8.679476976394653320e-01
-2.527627944946289062e+00 -5.242458343505859375e+00 1.719373941421508789e+00 -8.587435483932495117e-01 -3.824120044708251953e+00 8.290574550628662109e-01 -3.312324523925781250e+00 -9.575956463813781738e-01 -1.634273886680603027e+00 3.241545915603637695e+00 -1.308519363403320312e+00 9.844586849212646484e-01 1.142331504821777344e+01 -5.141685485839843750e+00 3.017618894577026367e+00 -3.956024348735809326e-01 2.300848960876464844e+00 1.103884220123291016e+00 2.137344121932983398e+00 -5.074803352355957031e+00 -3.581714868545532227e+00 -4.815800666809082031e+00 5.047866344451904297e+00 -4.854622364044189453e+00 -1.461954832077026367e+00 -2.114687919616699219e+00
1.623777270317077637e+00 7.410401105880737305e-01 4.288867115974426270e-01 1.174592375755310059e+00 1.501304864883422852e+00 -1.143477320671081543e+00 2.304509401321411133e+00 -9.795498847961425781e-01 1.945652723312377930e+00 -6.695273518562316895e-01 1.955892682075500488e+00 -3.788388013839721680e+00 -5.141685485839843750e+00 6.440911293029785156e+00 8.055688738822937012e-01 -1.795253753662109375e+00 7.768048644065856934e-01 -1.890529394149780273e+00 -1.858418941497802734e+00 2.265994995832443237e-01 2.534660995006561279e-01 1.722674012184143066e+00 -6.562341690063476562e+00 2.389060258865356445e+00 1.699570894241333008e+00 7.262482643127441406e-01
1.796115636825561523e+00 -3.822841882705688477e+00 5.025671124458312988e-01 -1.995580077171325684e+00 -1.972611665725708008e+00 -6.208254098892211914e-01 1.055486798286437988e+00 -3.822961807250976562e+00 -1.079312041401863098e-01 8.937346935272216797e-01 2.246420145034790039e+00 -3.162066459655761719e+00 3.017618894577026367e+00 8.055688738822937012e-01 6.627978324890136719e+00 -1.950336217880249023e+00 -5.726129412651062012e-01 -6.123855710029602051e-01 3.369479179382324219e+00 -2.413986921310424805e+00 -7.011767387390136719e+00 2.821140527725219727e+00 -3.507705628871917725e-01 -1.113673925399780273e+00 2.003248691558837891e+00 -2.575896978378295898e+00
4.778592586517333984e+00 -8.896234035491943359e-01 1.347944140434265137e-01 2.410691499710083008e+00 8.680177927017211914e-01 6.601473808288574219e+00 -4.161710739135742188e+00 -4.655521512031555176e-01 -1.560500979423522949e+00 -1.723122954368591309e+00 2.036922931671142578e+00 3.324556827545166016e+00 -3.956024348735809326e-01 -1.795253753662109375e+00 -1.950336217880249023e+00 1.084389400482177734e+01 -2.004606723785400391e+00 -7.820998430252075195e-01 -1.753438711166381836e+00 -9.243208169937133789e-01 6.139394760131835938e+00 3.959860563278198242e+00 1.994078159332275391e+00 -3.811404705047607422e+00 -2.203319787979125977e+00 -8.560854196548461914e-01
-3.730373978614807129e-01 1.521638393402099609e+00 -1.531470865011215210e-01 -8.815236687660217285e-01 -1.362130641937255859e+00 -3.672532558441162109e+00 -4.257448196411132812e+00 3.319756269454956055e+00 -7.043200731277465820e-01 3.846556186676025391e+00 -1.554595470428466797e+00 2.016807049512863159e-01 2.300848960876464844e+00 7.768048644065856934e-01 -5.726129412651062012e-01 -2.004606723785400391e+00 6.834094047546386719e+00 -8.924375176429748535e-01 -1.005412101745605469e+00 -6.104290008544921875e+00 -2.466001749038696289e+00 -5.666228294372558594e+00 -9.792729616165161133e-01 -1.046734571456909180e+00 -4.957851767539978027e-01 1.316939234733581543e+00
4.744399189949035645e-01 -1.931609869003295898e+00 2.690575361251831055e+00 -3.113219141960144043e-02 -1.219003438949584961e+00 -1.645324349403381348e+00 2.150387316942214966e-01 1.173540115356445312e+00 -1.909301519393920898e+00 -4.217993259429931641e+00 -1.928398609161376953e+00 -3.242368400096893311e-01 1.103884220123291016e+00 -1.890529394149780273e+00 -6.123855710029602051e-01 -7.820998430252075195e-01 -8.924375176429748535e-01 5.740729808807373047e+00 1.816758751869201660e+00 3.142552852630615234e+00 3.355121612548828125e+00 -2.780870199203491211e+00 1.470554113388061523e+00 -9.915357232093811035e-01 -1.888696789741516113e+00 2.342410087585449219e+00
-4.347389221191406250e+00 -1.640358328819274902e+00 -3.074411451816558838e-01 -2.021399736404418945e+00 3.663994073867797852e-01 -8.565403819084167480e-01 -1.230546236038208008e-01 -7.173120379447937012e-01 1.582599401473999023e+00 -6.536193192005157471e-02 3.530060350894927979e-01 -1.564674079418182373e-01 2.137344121932983398e+00 -1.858418941497802734e+00 3.369479179382324219e+00 -1.753438711166381836e+00 -1.005412101745605469e+00 1.816758751869201660e+00 5.376057624816894531e+00 -1.108075857162475586e+00 -5.485569477081298828e+00 -2.016091495752334595e-01 -6.263166069984436035e-01 3.858864903450012207e-01 -2.510812282562255859e-01 -6.061083674430847168e-01
2.547170877456665039e+00 1.206917762756347656e+00 1.627216577529907227e+00 6.148054599761962891e-01 9.256224036216735840e-01 3.702828884124755859e-01 4.971826076507568359e+00 -1.528636455535888672e+00 -1.006585836410522461e+00 -5.408881187438964844e+00 1.283295899629592896e-01 -1.809146851301193237e-01 -5.074803352355957031e+00 2.265994995832443237e-01 -2.413986921310424805e+00 -9.243208169937133789e-01 -6.104290008544921875e+00 3.142552852630615234e+00 -1.108075857162475586e+00 1.029166507720947266e+01 7.580101013183593750e+00 3.346357107162475586e+00 1.997831583023071289e+00 2.789630889892578125e+00 -1.891975998878479004e-01 1.082217693328857422e+00
8.340040206909179688e+00 3.995493173599243164e+00 1.923875927925109863e+00 2.464074134826660156e+00 2.503921687602996826e-01 6.495152950286865234e+00 -2.831915855407714844e+00 -5.733154341578483582e-02 -4.735388755798339844e+00 -1.636555671691894531e+00 -1.994805596768856049e-02 2.247355222702026367e+00 -3.581714868545532227e+00 2.534660995006561279e-01 -7.011767387390136719e+00 6.139394760131835938e+00 -2.466001749038696289e+00 3.355121612548828125e+00 -5.485569477081298828e+00 7.580101013183593750e+00 2.248017692565917969e+01 -4.766115546226501465e-01 5.062238216400146484e+00 -1.459155440330505371e+00 -4.021551132202148438e+00 2.833338022232055664e+00
5.677055358886718750e+00 -4.317642450332641602e-01 9.286528825759887695e-02 -4.795802235603332520e-01 2.303054809570312500e+00 2.813150644302368164e+00 5.629518508911132812e+00 -4.113986492156982422e+00 2.551751434803009033e-01 -1.569409132003784180e+00 3.627608060836791992e+00 -1.338421106338500977e+00 -4.815800666809082031e+00 1.722674012184143066e+00 2.821140527725219727e+00 3.959860563278198242e+00 -5.666228294372558594e+00 -2.780870199203491211e+00 -2.016091495752334595e-01 3.346357107162475586e+00 -4.766115546226501465e-01 1.182180786132812500e+01 -1.617118477821350098e+00 1.783150792121887207e+00 2.925944328308105469e+00 -6.269535541534423828e+00
9.878548622131347656e+00 2.911220073699951172e+00 -9.299319982528686523e-01 -2.100186586380004883e+00 -6.873044013977050781e+00 1.508026123046875000e+00 -7.014736652374267578e+00 -3.656777739524841309e-01 -1.057767105102539062e+01 6.008555293083190918e-01 -1.359536170959472656e+00 4.376199245452880859e+00 5.047866344451904297e+00 -6.562341690063476562e+00 -3.507705628871917725e-01 1.994078159332275391e+00 -9.792729616165161133e-01 1.470554113388061523e+00 -6.263166069984436035e-01 1.997831583023071289e+00 5.062238216400146484e+00 -1.617118477821350098e+00 1.880331611633300781e+01 -7.082859992980957031e+00 1.879491209983825684e-01 3.755890846252441406e+00
-6.299678802490234375e+00 1.694684624671936035e+00 -8.304622173309326172e-01 -1.717014551162719727e+00 2.803982734680175781e+00 -2.768701553344726562e+00 3.628328561782836914e+00 4.941579401493072510e-01 6.370155334472656250e+00 1.928628087043762207e+00 7.885289192199707031e-01 7.925918698310852051e-01 -4.854622364044189453e+00 2.389060258865356445e+00 -1.113673925399780273e+00 -3.811404705047607422e+00 -1.046734571456909180e+00 -9.915357232093811035e-01 3.858864903450012207e-01 2.789630889892578125e+00 -1.459155440330505371e+00 1.783150792121887207e+00 -7.082859992980957031e+00 7.583393096923828125e+00 -6.632747650146484375e-01 -1.803632259368896484e+00
2.285777807235717773e+00 1.057600498199462891e+00 -5.175477266311645508e-01 4.395933151245117188e-01 9.090474843978881836e-01 -9.636805057525634766e-01 4.635092735290527344e+00 -7.348682284355163574e-01 -2.013099670410156250e+00 -9.906331300735473633e-01 -5.818801522254943848e-01 -3.616385936737060547e+00 -1.461954832077026367e+00 1.699570894241333008e+00 2.003248691558837891e+00 -2.203319787979125977e+00 -4.957851767539978027e-01 -1.888696789741516113e+00 -2.510812282562255859e-01 -1.891975998878479004e-01 -4.021551132202148438e+00 2.925944328308105469e+00 1.879491209983825684e-01 -6.632747650146484375e-01 4.553459644317626953e+00 -1.610508203506469727e+00
1.617399215698242188e+00 1.699763178825378418e+00 -2.474008321762084961e+00 1.076398372650146484e+00 -3.447618722915649414e+00 -5.867369174957275391e-01 -5.959610939025878906e+00 1.900061607360839844e+00 -1.915128231048583984e+00 -2.648710966110229492e+00 -1.066204786300659180e+00 8.679476976394653320e-01 -2.114687919616699219e+00 7.262482643127441406e-01 -2.575896978378295898e+00 -8.560854196548461914e-01 1.316939234733581543e+00 2.342410087585449219e+00 -6.061083674430847168e-01 1.082217693328857422e+00 2.833338022232055664e+00 -6.269535541534423828e+00 3.755890846252441406e+00 -1.803632259368896484e+00 -1.610508203506469727e+00 1.039969062805175781e+01
