1.017433452606201172e+01 -2.579897165298461914e+00 5.426393747329711914e-01 -4.001571178436279297e+00 -4.440908432006835938e+00 5.581121921539306641e+00 -3.793888568878173828e+00 -2.114314317703247070e+00 -3.175997436046600342e-01 -2.322297573089599609e+00 5.486348271369934082e-01 -1.080974116921424866e-01 -4.095817506313323975e-01 1.281232833862304688e+00 -9.392771720886230469e-01 -1.679275035858154297e+00 4.795662879943847656e+00 -1.515981435775756836e+00 -1.090149641036987305e+00 -6.510537862777709961e-01 -7.790926098823547363e-01 4.538005828857421875e+00 1.717062234878540039e+00 2.518069028854370117e+00 -3.698213815689086914e+00 -3.920156240463256836e+00
-2.579897165298461914e+00 6.427251815795898438e+00 -7.330390930175781250e+00 5.668252706527709961e-01 1.561135292053222656e+00 -4.717770099639892578e+00 6.714879274368286133e-01 -3.030624091625213623e-01 4.858025610446929932e-01 -8.250854611396789551e-01 1.373549938201904297e+00 -2.862398862838745117e+00 -3.282970190048217773e+00 1.290295958518981934e+00 -4.350246489048004150e-01 -7.044680118560791016e-01 -1.564010024070739746e+00 2.456420183181762695e+00 1.595789343118667603e-01 1.904094934463500977e+00 -6.697220802307128906e-01 -6.393882751464843750e+00 -2.677765130996704102e+00 -2.236200571060180664e-01 -3.183345317840576172e+00 -8.141222000122070312e-01
5.426393747329711914e-01 -7.330390930175781250e+00 9.896326065063476562e+00 6.999197602272033691e-01 -9.546247124671936035e-01 4.793745040893554688e+00 5.662291646003723145e-01 -8.008742928504943848e-01 -8.754376769065856934e-01 2.236411333084106445e+00 -1.712588906288146973e+00 4.605500221252441406e+00 4.603673458099365234e+00 -2.615519523620605469e+00 7.644424438476562500e-01 2.820181369781494141e+00 9.048172831535339355e-01 -2.585969924926757812e+00 1.216619014739990234e+00 -2.358361482620239258e+00 2.716983556747436523e+00 6.491733074188232422e+00 2.661422729492187500e+00 -1.169934034347534180e+00 5.653194427490234375e+00 8.134341239929199219e-01
-4.001571178436279297e+00 5.668252706527709961e-01 6.999197602272033691e-01 4.329993724822998047e+00 2.250377178192138672e+00 -6.488858461380004883e-01 1.663367629051208496e+00 1.992778301239013672e+00 -6.928979158401489258e-01 -1.941342234611511230e+00 1.445033192634582520e+00 -5.196821689605712891e-01 1.342720150947570801e+00 -2.129910141229629517e-01 1.118328332901000977e+00 7.300592064857482910e-01 -2.451497316360473633e+00 2.054690361022949219e+00 8.246650099754333496e-01 1.666823744773864746e+00 -6.711001396179199219e-01 -4.121335029602050781e+00 -1.138827443122863770e+00 3.728073537349700928e-01 2.175362110137939453e+00 1.523202896118164062e+00
-4.440908432006835938e+00 1.561135292053222656e+00 -9.546247124671936035e-01 2.250377178192138672e+00 2.147697687149047852e+00 -2.491076231002807617e+00 1.552636384963989258e+00 1.613192796707153320e+00 8.564449101686477661e-02 3.951264917850494385e-02 2.513079643249511719e-01 -6.445511579513549805e-01 2.324737049639225006e-02 -1.476017385721206665e-01 5.298105478286743164e-01 2.138659507036209106e-01 -2.320239543914794922e+00 1.176280379295349121e+00 2.347522228956222534e-01 8.231888413429260254e-01 -4.508817791938781738e-01 -2.939263343811035156e+00 -1.004082083702087402e+00 -5.147815346717834473e-01 1.193000674247741699e+00 1.889572381973266602e+00
5.581121921539306641e+00 -4.717770099639892578e+00 4.793745040893554688e+00 -6.488858461380004883e-01 -2.491076231002807617e+00 5.615002155303955078e+00 -1.748529672622680664e+00 -6.251429319381713867e-01 -8.409591913223266602e-01 -1.625961184501647949e+00 2.563243806362152100e-01 1.496975421905517578e+00 2.219179630279541016e+00 -2.036975175142288208e-01 1.715691983699798584e-01 8.943668007850646973e-02 2.621492624282836914e+00 -1.282851338386535645e+00 -8.055253326892852783e-02 -7.081964612007141113e-01 2.304269000887870789e-02 4.207090377807617188e+00 1.887648224830627441e+00 1.565150737762451172e+00 6.834112405776977539e-01 -1.490986227989196777e+00
-3.793888568878173828e+00 6.714879274368286133e-01 5.662291646003723145e-01 1.663367629051208496e+00 1.552636384963989258e+00 -1.748529672622680664e+00 1.611895084381103516e+00 4.489347338676452637e-02 -5.797158926725387573e-02 1.219264388084411621e+00 -2.238170951604843140e-01 6.444668769836425781e-01 5.021507740020751953e-01 -8.633294105529785156e-01 3.702904284000396729e-01 1.359670639038085938e+00 -1.671154141426086426e+00 4.886708557605743408e-01 9.195339679718017578e-01 7.804364711046218872e-02 1.094590783119201660e+00 -1.544262170791625977e+00 -6.256679296493530273e-01 -1.320435047149658203e+00 1.907276630401611328e+00 9.991013407707214355e-01
-2.114314317703247070e+00 -3.030624091625213623e-01 -8.008742928504943848e-01 1.992778301239013672e+00 1.613192796707153320e+00 -6.251429319381713867e-01 4.489347338676452637e-02 5.101844310760498047e+00 2.383004873991012573e-01 -2.658607721328735352e+00 5.774850249290466309e-01 -2.306060552597045898e+00 3.233184814453125000e-01 1.251815199851989746e+00 8.252170681953430176e-01 -2.778513193130493164e+00 -1.824152350425720215e+00 9.608005285263061523e-01 -1.956505179405212402e+00 1.288688778877258301e+00 -4.095572471618652344e+00 -1.450271844863891602e+00 1.976188085973262787e-02 2.095890760421752930e+00 8.006572723388671875e-02 3.655220985412597656e+00
-3.175997436046600342e-01 4.858025610446929932e-01 -8.754376769065856934e-01 -6.928979158401489258e-01 8.564449101686477661e-02 -8.409591913223266602e-01 -5.797158926725387573e-02 2.383004873991012573e-01 3.388364017009735107e-01 5.420350432395935059e-01 -3.986521959304809570e-01 -2.973457872867584229e-01 -5.739325881004333496e-01 1.650282293558120728e-01 -1.856209188699722290e-01 -4.607606828212738037e-01 -8.845993876457214355e-02 -2.356886118650436401e-01 -4.008741676807403564e-01 -1.994744986295700073e-01 -2.643869817256927490e-01 2.609679400920867920e-01 1.427227072417736053e-02 -1.696163266897201538e-01 -4.834823012351989746e-01 3.944801688194274902e-01
-2.322297573089599609e+00 -8.250854611396789551e-01 2.236411333084106445e+00 -1.941342234611511230e+00 3.951264917850494385e-02 -1.625961184501647949e+00 1.219264388084411621e+00 -2.658607721328735352e+00 5.420350432395935059e-01 5.236025810241699219e+00 -2.535126924514770508e+00 2.866225004196166992e+00 2.498969137668609619e-01 -1.973949193954467773e+00 -5.117326974868774414e-01 2.404814481735229492e+00 -2.824912779033184052e-02 -2.080027580261230469e+00 1.093335986137390137e+00 -2.372532129287719727e+00 3.609508514404296875e+00 3.322937488555908203e+00 6.902218461036682129e-01 -3.308363437652587891e+00 2.177541255950927734e+00 1.232671141624450684e-01
5.486348271369934082e-01 1.373549938201904297e+00 -1.712588906288146973e+00 1.445033192634582520e+00 2.513079643249511719e-01 2.563243806362152100e-01 -2.238170951604843140e-01 5.774850249290466309e-01 -3.986521959304809570e-01 -2.535126924514770508e+00 1.597060918807983398e+00 -1.392632603645324707e+00 -3.388331532478332520e-01 8.397368192672729492e-01 2.401467114686965942e-01 -5.549278855323791504e-01 -2.500739991664886475e-01 1.533167004585266113e+00 5.117671564221382141e-02 1.467790246009826660e+00 -1.140616059303283691e+00 -2.929384946823120117e+00 -8.968320488929748535e-01 1.257030725479125977e+00 -1.086127281188964844e+00 -6.631682515144348145e-01
-1.080974116921424866e-01 -2.862398862838745117e+00 4.605500221252441406e+00 -5.196821689605712891e-01 -6.445511579513549805e-01 1.496975421905517578e+00 6.444668769836425781e-01 -2.306060552597045898e+00 -2.973457872867584229e-01 2.866225004196166992e+00 -1.392632603645324707e+00 3.117701768875122070e+00 1.804503202438354492e+00 -1.882863521575927734e+00 -3.601170843467116356e-03 2.537481784820556641e+00 6.738460063934326172e-01 -1.663848042488098145e+00 1.355971693992614746e+00 -1.775116920471191406e+00 3.095324277877807617e+00 3.466624021530151367e+00 1.106051564216613770e+00 -1.893882155418395996e+00 2.845976114273071289e+00 -5.746330022811889648e-01
-4.095817506313323975e-01 -3.282970190048217773e+00 4.603673458099365234e+00 1.342720150947570801e+00 2.324737049639225006e-02 2.219179630279541016e+00 5.021507740020751953e-01 3.233184814453125000e-01 -5.739325881004333496e-01 2.498969137668609619e-01 -3.388331532478332520e-01 1.804503202438354492e+00 2.408730030059814453e+00 -1.100005865097045898e+00 6.296769380569458008e-01 1.224767923355102539e+00 -9.152351319789886475e-02 -6.527093648910522461e-01 6.018161177635192871e-01 -5.914344787597656250e-01 7.908487319946289062e-01 1.992056965827941895e+00 9.843379259109497070e-01 -1.960819810628890991e-01 2.922684431076049805e+00 7.626430988311767578e-01
1.281232833862304688e+00 1.290295958518981934e+00 -2.615519523620605469e+00 -2.129910141229629517e-01 -1.476017385721206665e-01 -2.036975175142288208e-01 -8.633294105529785156e-01 1.251815199851989746e+00 1.650282293558120728e-01 -1.973949193954467773e+00 8.397368192672729492e-01 -1.882863521575927734e+00 -1.100005865097045898e+00 1.289941310882568359e+00 -1.027874872088432312e-01 -1.800678968429565430e+00 1.686139404773712158e-01 7.504453063011169434e-01 -1.021886467933654785e+00 9.439988136291503906e-01 -2.033057212829589844e+00 -1.378633499145507812e+00 -3.897608816623687744e-01 1.465467333793640137e+00 -2.117753028869628906e+00 -2.196073532104492188e-03
-9.392771720886230469e-01 -4.350246489048004150e-01 7.644424438476562500e-01 1.118328332901000977e+00 5.298105478286743164e-01 1.715691983699798584e-01 3.702904284000396729e-01 8.252170681953430176e-01 -1.856209188699722290e-01 -5.117326974868774414e-01 2.401467114686965942e-01 -3.601170843467116356e-03 6.296769380569458008e-01 -1.027874872088432312e-01 3.590044677257537842e-01 8.062413334846496582e-02 -5.930444598197937012e-01 3.309409022331237793e-01 6.871576607227325439e-02 3.011028766632080078e-01 -3.376113772392272949e-01 -5.199081301689147949e-01 -4.135910794138908386e-02 2.063194513320922852e-01 8.357359170913696289e-01 6.942089796066284180e-01
-1.679275035858154297e+00 -7.044680118560791016e-01 2.820181369781494141e+00 7.300592064857482910e-01 2.138659507036209106e-01 8.943668007850646973e-02 1.359670639038085938e+00 -2.778513193130493164e+00 -4.607606828212738037e-01 2.404814481735229492e+00 -5.549278855323791504e-01 2.537481784820556641e+00 1.224767923355102539e+00 -1.800678968429565430e+00 8.062413334846496582e-02 3.130420446395874023e+00 -2.069762945175170898e-01 -4.024315178394317627e-01 2.087955713272094727e+00 -8.712007999420166016e-01 3.480635881423950195e+00 4.275636374950408936e-01 -8.644164353609085083e-02 -2.202818155288696289e+00 2.575712919235229492e+00 -1.114709734916687012e+00
4.795662879943847656e+00 -1.564010024070739746e+00 9.048172831535339355e-01 -2.451497316360473633e+00 -2.320239543914794922e+00 2.621492624282836914e+00 -1.671154141426086426e+00 -1.824152350425720215e+00 -8.845993876457214355e-02 -2.824912779033184052e-02 -2.500739991664886475e-01 6.738460063934326172e-01 -9.152351319789886475e-02 1.686139404773712158e-01 -5.930444598197937012e-01 -2.069762945175170898e-01 2.510132312774658203e+00 -1.237884640693664551e+00 -2.234148234128952026e-01 -8.703995347023010254e-01 5.307738780975341797e-01 3.077798128128051758e+00 1.035288095474243164e+00 5.277748107910156250e-01 -1.355960845947265625e+00 -2.116385698318481445e+00
-1.515981435775756836e+00 2.456420183181762695e+00 -2.585969924926757812e+00 2.054690361022949219e+00 1.176280379295349121e+00 -1.282851338386535645e+00 4.886708557605743408e-01 9.608005285263061523e-01 -2.356886118650436401e-01 -2.080027580261230469e+00 1.533167004585266113e+00 -1.663848042488098145e+00 -6.527093648910522461e-01 7.504453063011169434e-01 3.309409022331237793e-01 -4.024315178394317627e-01 -1.237884640693664551e+00 1.954133987426757812e+00 1.812292933464050293e-01 1.697151303291320801e+00 -1.101813912391662598e+00 -4.202017307281494141e+00 -1.417821526527404785e+00 7.562004327774047852e-01 -7.936056852340698242e-01 3.060866147279739380e-02
-1.090149641036987305e+00 1.595789343118667603e-01 1.216619014739990234e+00 8.246650099754333496e-01 2.347522228956222534e-01 -8.055253326892852783e-02 9.195339679718017578e-01 -1.956505179405212402e+00 -4.008741676807403564e-01 1.093335986137390137e+00 5.117671564221382141e-02 1.355971693992614746e+00 6.018161177635192871e-01 -1.021886467933654785e+00 6.871576607227325439e-02 2.087955713272094727e+00 -2.234148234128952026e-01 1.812292933464050293e-01 1.528147935867309570e+00 -1.961066424846649170e-01 2.230039358139038086e+00 -6.755258440971374512e-01 -4.058650732040405273e-01 -1.296840786933898926e+00 1.369528055191040039e+00 -1.084247589111328125e+00
-6.510537862777709961e-01 1.904094934463500977e+00 -2.358361482620239258e+00 1.666823744773864746e+00 8.231888413429260254e-01 -7.081964612007141113e-01 7.804364711046218872e-02 1.288688778877258301e+00 -1.994744986295700073e-01 -2.372532129287719727e+00 1.467790246009826660e+00 -1.775116920471191406e+00 -5.914344787597656250e-01 9.439988136291503906e-01 3.011028766632080078e-01 -8.712007999420166016e-01 -8.703995347023010254e-01 1.697151303291320801e+00 -1.961066424846649170e-01 1.593188643455505371e+00 -1.562374472618103027e+00 -3.459299325942993164e+00 -1.088628172874450684e+00 1.161157011985778809e+00 -1.053928136825561523e+00 1.209888011217117310e-01
-7.790926098823547363e-01 -6.697220802307128906e-01 2.716983556747436523e+00 -6.711001396179199219e-01 -4.508817791938781738e-01 2.304269000887870789e-02 1.094590783119201660e+00 -4.095572471618652344e+00 -2.643869817256927490e-01 3.609508514404296875e+00 -1.140616059303283691e+00 3.095324277877807617e+00 7.908487319946289062e-01 -2.033057212829589844e+00 -3.376113772392272949e-01 3.480635881423950195e+00 5.307738780975341797e-01 -1.101813912391662598e+00 2.230039358139038086e+00 -1.562374472618103027e+00 4.422047615051269531e+00 1.652374863624572754e+00 1.529558002948760986e-01 -2.837913990020751953e+00 2.149189472198486328e+00 -1.921094655990600586e+00
4.538005828857421875e+00 -6.393882751464843750e+00 6.491733074188232422e+00 -4.121335029602050781e+00 -2.939263343811035156e+00 4.207090377807617188e+00 -1.544262170791625977e+00 -1.450271844863891602e+00 2.609679400920867920e-01 3.322937488555908203e+00 -2.929384946823120117e+00 3.466624021530151367e+00 1.992056965827941895e+00 -1.378633499145507812e+00 -5.199081301689147949e-01 4.275636374950408936e-01 3.077798128128051758e+00 -4.202017307281494141e+00 -6.755258440971374512e-01 -3.459299325942993164e+00 1.652374863624572754e+00 9.557898521423339844e+00 3.432648658752441406e+00 -7.452019453048706055e-01 1.747116327285766602e+00 -5.216112732887268066e-02
1.717062234878540039e+00 -2.677765130996704102e+00 2.661422729492187500e+00 -1.138827443122863770e+00 -1.004082083702087402e+00 1.887648224830627441e+00 -6.256679296493530273e-01 1.976188085973262787e-02 1.427227072417736053e-02 6.902218461036682129e-01 -8.968320488929748535e-01 1.106051564216613770e+00 9.843379259109497070e-01 -3.897608816623687744e-01 -4.135910794138908386e-02 -8.644164353609085083e-02 1.035288095474243164e+00 -1.417821526527404785e+00 -4.058650732040405273e-01 -1.088628172874450684e+00 1.529558002948760986e-01 3.432648658752441406e+00 1.333124637603759766e+00 9.575328975915908813e-02 7.739585638046264648e-01 2.760501801967620850e-01
2.518069028854370117e+00 -2.236200571060180664e-01 -1.169934034347534180e+00 3.728073537349700928e-01 -5.147815346717834473e-01 1.565150737762451172e+00 -1.320435047149658203e+00 2.095890760421752930e+00 -1.696163266897201538e-01 -3.308363437652587891e+00 1.257030725479125977e+00 -1.893882155418395996e+00 -1.960819810628890991e-01 1.465467333793640137e+00 2.063194513320922852e-01 -2.202818155288696289e+00 5.277748107910156250e-01 7.562004327774047852e-01 -1.296840786933898926e+00 1.161157011985778809e+00 -2.837913990020751953e+00 -7.452019453048706055e-01 9.575328975915908813e-02 2.462295770645141602e+00 -1.754329681396484375e+00 1.830612123012542725e-01
-3.698213815689086914e+00 -3.183345317840576172e+00 5.653194427490234375e+00 2.175362110137939453e+00 1.193000674247741699e+00 6.834112405776977539e-01 1.907276630401611328e+00 8.006572723388671875e-02 -4.834823012351989746e-01 2.177541255950927734e+00 -1.086127281188964844e+00 2.845976114273071289e+00 2.922684431076049805e+00 -2.117753028869628906e+00 8.357359170913696289e-01 2.575712919235229492e+00 -1.355960845947265625e+00 -7.936056852340698242e-01 1.369528055191040039e+00 -1.053928136825561523e+00 2.149189472198486328e+00 1.747116327285766602e+00 7.739585638046264648e-01 -1.754329681396484375e+00 4.857497692108154297e+00 1.758340120315551758e+00
-3.920156240463256836e+00 -8.141222000122070312e-01 8.134341239929199219e-01 1.523202896118164062e+00 1.889572381973266602e+00 -1.490986227989196777e+00 9.991013407707214355e-01 3.655220985412597656e+00 3.944801688194274902e-01 1.232671141624450684e-01 -6.631682515144348145e-01 -5.746330022811889648e-01 7.626430988311767578e-01 -2.196073532104492188e-03 6.942089796066284180e-01 -1.114709734916687012e+00 -2.116385698318481445e+00 3.060866147279739380e-02 -1.084247589111328125e+00 1.209888011217117310e-01 -1.921094655990600586e+00 -5.216112732887268066e-02 2.760501801967620850e-01 1.830612123012542725e-01 1.758340120315551758e+00 3.788569688796997070e+00
