1.250369644165039062e+01 -4.345324993133544922e+00 9.392229914665222168e-01 1.821600556373596191e+00 2.100680112838745117e+00 1.834714412689208984e+00 2.470593452453613281e+00 3.003868579864501953e+00 -8.982349932193756104e-02 -8.343626976013183594e+00 3.063245534896850586e+00 -1.730489492416381836e+00 2.268285274505615234e+00 -5.329567909240722656e+00 3.953101634979248047e+00 -4.075448036193847656e+00 2.706475257873535156e+00 -6.722254157066345215e-01 5.534539699554443359e+00 8.525191307067871094e+00 -2.822576999664306641e+00 -1.544792950153350830e-01 3.272769212722778320e+00 1.544868707656860352e+00 -6.174642086029052734e+00 1.585497856140136719e-01
-4.345324993133544922e+00 5.345664501190185547e+00 2.296230077743530273e+00 -5.043197274208068848e-01 1.047510266304016113e+00 -3.531465530395507812e-01 7.276158332824707031e-01 -4.930120334029197693e-02 -4.206165373325347900e-01 4.331222534179687500e+00 -1.087872505187988281e+00 -3.467898964881896973e-01 -2.537302255630493164e+00 1.726245164871215820e+00 -3.430779218673706055e+00 2.067764520645141602e+00 -2.424688577651977539e+00 -1.238868117332458496e+00 2.843368947505950928e-01 -1.863457560539245605e+00 8.776615262031555176e-01 -3.686439096927642822e-01 8.522575348615646362e-02 -1.347118020057678223e+00 3.458687305450439453e+00 -1.299557447433471680e+00
9.392229914665222168e-01 2.296230077743530273e+00 6.153033256530761719e+00 2.104697942733764648e+00 1.854814410209655762e+00 -1.275370359420776367e+00 1.192072108387947083e-01 2.534669399261474609e+00 -5.757817029953002930e-01 -6.523845195770263672e-01 3.374505996704101562e+00 -3.290694236755371094e+00 -5.315088629722595215e-01 5.614880919456481934e-01 -3.999135017395019531e+00 -1.086909472942352295e-01 4.907433390617370605e-01 -1.447775244712829590e+00 3.801538705825805664e+00 3.837407827377319336e+00 -2.189167022705078125e+00 1.094623088836669922e+00 1.906859755516052246e+00 2.125907897949218750e+00 2.483359336853027344e+00 1.139590144157409668e-01
1.821600556373596191e+00 -5.043197274208068848e-01 2.104697942733764648e+00 7.578054904937744141e+00 7.733526229858398438e-01 3.489495515823364258e-01 -2.057150840759277344e+00 5.156516432762145996e-01 9.867480397224426270e-01 -5.315512657165527344e+00 -1.576245389878749847e-02 3.739823102951049805e+00 6.142192363739013672e+00 1.583127617835998535e+00 -7.938946485519409180e-01 -9.215264916419982910e-01 2.706211090087890625e+00 -1.669702291488647461e+00 3.986932277679443359e+00 6.220653533935546875e+00 1.180428028106689453e+00 3.733744382858276367e+00 1.271860837936401367e+00 1.271178722381591797e+00 -5.105360507965087891e+00 1.173389911651611328e+00
2.100680112838745117e+00 1.047510266304016113e+00 1.854814410209655762e+00 7.733526229858398438e-01 3.229749441146850586e+00 -7.530170679092407227e-01 1.047045707702636719e+00 1.437682032585144043e+00 5.127775073051452637e-01 -4.972886443138122559e-01 1.860975027084350586e+00 -3.013106882572174072e-01 4.544257223606109619e-01 1.068025678396224976e-01 -9.277651309967041016e-01 1.744142025709152222e-01 -1.958000510931015015e-01 -1.630358695983886719e+00 6.065383553504943848e-01 5.147235393524169922e+00 -1.165006279945373535e+00 2.135603874921798706e-01 2.311227321624755859e+00 -9.555981755256652832e-01 2.113710939884185791e-01 -3.636378049850463867e-01
1.834714412689208984e+00 -3.531465530395507812e-01 -1.275370359420776367e+00 3.489495515823364258e-01 -7.530170679092407227e-01 7.447039127349853516e+00 1.271074652671813965e+00 2.134239673614501953e+00 1.203047156333923340e+00 -1.296976447105407715e+00 -6.467370986938476562e+00 1.457811355590820312e+00 -1.284297943115234375e+00 -1.133881688117980957e+00 5.550125241279602051e-01 3.008000552654266357e-01 -3.724071979522705078e-01 5.784175992012023926e-01 -6.284189224243164062e-01 -1.883964061737060547e+00 -7.055498957633972168e-01 1.054417565464973450e-01 1.918756723403930664e+00 -2.904997169971466064e-01 -2.474443912506103516e-01 -3.579863607883453369e-01
2.470593452453613281e+00 7.276158332824707031e-01 1.192072108387947083e-01 -2.057150840759277344e+00 1.047045707702636719e+00 1.271074652671813965e+00 6.134389400482177734e+00 -4.726846694946289062e+00 -1.318968772888183594e+00 6.692252159118652344e-01 1.721956133842468262e-01 -1.750654101371765137e+00 -1.042427301406860352e+00 9.765461683273315430e-01 -2.016121149063110352e+00 2.239863201975822449e-02 2.071568489074707031e+00 -7.625753059983253479e-03 1.137635946273803711e+00 3.651274681091308594e+00 6.562748551368713379e-02 1.139205694198608398e+00 4.019679546356201172e+00 -3.529910802841186523e+00 -2.456241607666015625e+00 4.263097286224365234e+00
3.003868579864501953e+00 -4.930120334029197693e-02 2.534669399261474609e+00 5.156516432762145996e-01 1.437682032585144043e+00 2.134239673614501953e+00 -4.726846694946289062e+00 1.177196693420410156e+01 1.273411154747009277e+00 -1.060362935066223145e+00 1.127365324646234512e-02 -1.390514969825744629e+00 -1.174482107162475586e+00 -4.900886058807373047e+00 9.430230855941772461e-01 -8.821266889572143555e-01 -4.938723564147949219e+00 -8.221272230148315430e-01 -2.619442045688629150e-01 -1.290804028511047363e+00 -4.271194458007812500e+00 -4.503984928131103516e+00 -1.358243465423583984e+00 5.391593933105468750e+00 4.616943836212158203e+00 -6.551260471343994141e+00
-8.982349932193756104e-02 -4.206165373325347900e-01 -5.757817029953002930e-01 9.867480397224426270e-01 5.127775073051452637e-01 1.203047156333923340e+00 -1.318968772888183594e+00 1.273411154747009277e+00 4.925614356994628906e+00 -3.395941853523254395e-01 -6.753154397010803223e-01 4.641580581665039062e+00 -1.492023110389709473e+00 2.178512573242187500e+00 8.252261877059936523e-01 1.033228158950805664e+00 -2.778308629989624023e+00 -2.227245092391967773e+00 1.725687235593795776e-01 -1.638404846191406250e+00 -5.287818983197212219e-02 2.227944135665893555e+00 1.665043711662292480e+00 -8.531450629234313965e-01 4.258707463741302490e-01 6.675692796707153320e-01
-8.343626976013183594e+00 4.331222534179687500e+00 -6.523845195770263672e-01 -5.315512657165527344e+00 -4.972886443138122559e-01 -1.296976447105407715e+00 6.692252159118652344e-01 -1.060362935066223145e+00 -3.395941853523254395e-01 1.255523014068603516e+01 -8.185008764266967773e-01 -3.176824569702148438e+00 -2.112051486968994141e+00 1.753969430923461914e+00 -6.923102855682373047e+00 6.147877216339111328e+00 -5.871711254119873047e+00 -2.936938107013702393e-01 -5.408439636230468750e+00 -7.542056560516357422e+00 4.336302876472473145e-01 -4.165247917175292969e+00 5.647634267807006836e-01 -1.158280014991760254e+00 4.829827785491943359e+00 2.718589544296264648e+00
3.063245534896850586e+00 -1.087872505187988281e+00 3.374505996704101562e+00 -1.576245389878749847e-02 1.860975027084350586e+00 -6.467370986938476562e+00 1.721956133842468262e-01 1.127365324646234512e-02 -6.753154397010803223e-01 -8.185008764266967773e-01 8.765145301818847656e+00 -3.033176660537719727e+00 1.568731069564819336e+00 2.993313968181610107e-02 -1.681847214698791504e+00 -1.468206048011779785e+00 5.064104795455932617e-01 -1.376845717430114746e+00 2.937961339950561523e+00 5.609225749969482422e+00 -1.806032896041870117e+00 2.142794243991374969e-02 1.090396285057067871e+00 1.550528168678283691e+00 -1.051778435707092285e+00 2.233566045761108398e+00
-1.730489492416381836e+00 -3.467898964881896973e-01 -3.290694236755371094e+00 3.739823102951049805e+00 -3.013106882572174072e-01 1.457811355590820312e+00 -1.750654101371765137e+00 -1.390514969825744629e+00 4.641580581665039062e+00 -3.176824569702148438e+00 -3.033176660537719727e+00 1.220730876922607422e+01 1.853735566139221191e+00 5.591899871826171875e+00 1.974647521972656250e+00 -1.875245809555053711e+00 -1.848740220069885254e+00 -2.086392879486083984e+00 -7.036171555519104004e-01 7.197758555412292480e-01 3.025966882705688477e+00 4.431806087493896484e+00 1.020733714103698730e-01 -3.150717735290527344e+00 -4.237171173095703125e+00 8.800473809242248535e-01
2.268285274505615234e+00 -2.537302255630493164e+00 -5.315088629722595215e-01 6.142192363739013672e+00 4.544257223606109619e-01 -1.284297943115234375e+00 -1.042427301406860352e+00 -1.174482107162475586e+00 -1.492023110389709473e+00 -2.112051486968994141e+00 1.568731069564819336e+00 1.853735566139221191e+00 1.167741298675537109e+01 4.865802228450775146e-01 -3.354987621307373047e+00 -3.740020096302032471e-02 2.681554079055786133e+00 -6.319708824157714844e-01 8.527402281761169434e-01 8.428460121154785156e+00 1.387963891029357910e+00 4.638416767120361328e-01 2.093205928802490234e+00 1.405265688896179199e+00 -9.660706520080566406e+00 5.315259456634521484e+00
-5.329567909240722656e+00 1.726245164871215820e+00 5.614880919456481934e-01 1.583127617835998535e+00 1.068025678396224976e-01 -1.133881688117980957e+00 9.765461683273315430e-01 -4.900886058807373047e+00 2.178512573242187500e+00 1.753969430923461914e+00 2.993313968181610107e-02 5.591899871826171875e+00 4.865802228450775146e-01 8.011903762817382812e+00 -4.342809677124023438e+00 7.853978872299194336e-01 1.961779296398162842e-01 -1.452855706214904785e+00 -1.247117280960083008e+00 1.528592467308044434e+00 1.867453336715698242e+00 5.022083759307861328e+00 2.233638763427734375e+00 -3.394869089126586914e+00 -3.752867877483367920e-01 5.024465084075927734e+00
3.953101634979248047e+00 -3.430779218673706055e+00 -3.999135017395019531e+00 -7.938946485519409180e-01 -9.277651309967041016e-01 5.550125241279602051e-01 -2.016121149063110352e+00 9.430230855941772461e-01 8.252261877059936523e-01 -6.923102855682373047e+00 -1.681847214698791504e+00 1.974647521972656250e+00 -3.354987621307373047e+00 -4.342809677124023438e+00 1.127123641967773438e+01 -3.550639152526855469e+00 2.026759624481201172e+00 1.663035869598388672e+00 6.374753117561340332e-01 -2.716299772262573242e+00 8.256968259811401367e-01 4.486781358718872070e-02 -4.922917842864990234e+00 -1.760507822036743164e-01 4.031063914299011230e-01 -7.398697376251220703e+00
-4.075448036193847656e+00 2.067764520645141602e+00 -1.086909472942352295e-01 -9.215264916419982910e-01 1.744142025709152222e-01 3.008000552654266357e-01 2.239863201975822449e-02 -8.821266889572143555e-01 1.033228158950805664e+00 6.147877216339111328e+00 -1.468206048011779785e+00 -1.875245809555053711e+00 -3.740020096302032471e-02 7.853978872299194336e-01 -3.550639152526855469e+00 5.051629066467285156e+00 -2.134724140167236328e+00 -7.971646785736083984e-01 -1.964158415794372559e+00 -3.521825075149536133e+00 6.199106574058532715e-01 -9.594082832336425781e-01 1.515452146530151367e+00 -6.639232635498046875e-01 1.905353069305419922e+00 2.048972845077514648e+00
2.706475257873535156e+00 -2.424688577651977539e+00 4.907433390617370605e-01 2.706211090087890625e+00 -1.958000510931015015e-01 -3.724071979522705078e-01 2.071568489074707031e+00 -4.938723564147949219e+00 -2.778308629989624023e+00 -5.871711254119873047e+00 5.064104795455932617e-01 -1.848740220069885254e+00 2.681554079055786133e+00 1.961779296398162842e-01 2.026759624481201172e+00 -2.134724140167236328e+00 7.983868598937988281e+00 1.895880699157714844e+00 2.284588813781738281e+00 6.032094955444335938e+00 9.162344932556152344e-01 3.627254486083984375e+00 2.202828526496887207e-01 -7.821035385131835938e-01 -3.315546274185180664e+00 1.432245612144470215e+00
-6.722254157066345215e-01 -1.238868117332458496e+00 -1.447775244712829590e+00 -1.669702291488647461e+00 -1.630358695983886719e+00 5.784175992012023926e-01 -7.625753059983253479e-03 -8.221272230148315430e-01 -2.227245092391967773e+00 -2.936938107013702393e-01 -1.376845717430114746e+00 -2.086392879486083984e+00 -6.319708824157714844e-01 -1.452855706214904785e+00 1.663035869598388672e+00 -7.971646785736083984e-01 1.895880699157714844e+00 2.449643611907958984e+00 -1.819006204605102539e+00 -2.060783624649047852e+00 2.936649508774280548e-02 -1.161648869514465332e+00 -2.225220441818237305e+00 5.595008730888366699e-01 1.056918621063232422e+00 -1.257995605468750000e+00
5.534539699554443359e+00 2.843368947505950928e-01 3.801538705825805664e+00 3.986932277679443359e+00 6.065383553504943848e-01 -6.284189224243164062e-01 1.137635946273803711e+00 -2.619442045688629150e-01 1.725687235593795776e-01 -5.408439636230468750e+00 2.937961339950561523e+00 -7.036171555519104004e-01 8.527402281761169434e-01 -1.247117280960083008e+00 6.374753117561340332e-01 -1.964158415794372559e+00 2.284588813781738281e+00 -1.819006204605102539e+00 8.327741622924804688e+00 4.369652748107910156e+00 9.808833897113800049e-02 2.751420736312866211e+00 1.691311836242675781e+00 1.267327904701232910e+00 -3.920290708541870117e+00 6.642861962318420410e-01
8.525191307067871094e+00 -1.863457560539245605e+00 3.837407827377319336e+00 6.220653533935546875e+00 5.147235393524169922e+00 -1.883964061737060547e+00 3.651274681091308594e+00 -1.290804028511047363e+00 -1.638404846191406250e+00 -7.542056560516357422e+00 5.609225749969482422e+00 7.197758555412292480e-01 8.428460121154785156e+00 1.528592467308044434e+00 -2.716299772262573242e+00 -3.521825075149536133e+00 6.032094955444335938e+00 -2.060783624649047852e+00 4.369652748107910156e+00 1.862649536132812500e+01 -1.388278245925903320e+00 3.732200145721435547e+00 6.087683677673339844e+00 -1.178529500961303711e+00 -8.515102386474609375e+00 4.760186195373535156e+00
-2.822576999664306641e+00 8.776615262031555176e-01 -2.189167022705078125e+00 1.180428028106689453e+00 -1.165006279945373535e+00 -7.055498957633972168e-01 6.562748551368713379e-02 -4.271194458007812500e+00 -5.287818983197212219e-02 4.336302876472473145e-01 -1.806032896041870117e+00 3.025966882705688477e+00 1.387963891029357910e+00 1.867453336715698242e+00 8.256968259811401367e-01 6.199106574058532715e-01 9.162344932556152344e-01 2.936649508774280548e-02 9.808833897113800049e-02 -1.388278245925903320e+00 3.359226465225219727e+00 1.580797672271728516e+00 -1.247181773185729980e+00 -2.126941680908203125e+00 -2.598172664642333984e+00 7.997305393218994141e-01
-1.544792950153350830e-01 -3.686439096927642822e-01 1.094623088836669922e+00 3.733744382858276367e+00 2.135603874921798706e-01 1.054417565464973450e-01 1.139205694198608398e+00 -4.503984928131103516e+00 2.227944135665893555e+00 -4.165247917175292969e+00 2.142794243991374969e-02 4.431806087493896484e+00 4.638416767120361328e-01 5.022083759307861328e+00 4.486781358718872070e-02 -9.594082832336425781e-01 3.627254486083984375e+00 -1.161648869514465332e+00 2.751420736312866211e+00 3.732200145721435547e+00 1.580797672271728516e+00 6.539568901062011719e+00 2.116798639297485352e+00 -2.425831556320190430e+00 -2.241076231002807617e+00 3.101773023605346680e+00
3.272769212722778320e+00 8.522575348615646362e-02 1.906859755516052246e+00 1.271860837936401367e+00 2.311227321624755859e+00 1.918756723403930664e+00 4.019679546356201172e+00 -1.358243465423583984e+00 1.665043711662292480e+00 5.647634267807006836e-01 1.090396285057067871e+00 1.020733714103698730e-01 2.093205928802490234e+00 2.233638763427734375e+00 -4.922917842864990234e+00 1.515452146530151367e+00 2.202828526496887207e-01 -2.225220441818237305e+00 1.691311836242675781e+00 6.087683677673339844e+00 -1.247181773185729980e+00 2.116798639297485352e+00 6.837921619415283203e+00 -1.795754909515380859e+00 -3.530897378921508789e+00 6.474857330322265625e+00
1.544868707656860352e+00 -1.347118020057678223e+00 2.125907897949218750e+00 1.271178722381591797e+00 -9.555981755256652832e-01 -2.904997169971466064e-01 -3.529910802841186523e+00 5.391593933105468750e+00 -8.531450629234313965e-01 -1.158280014991760254e+00 1.550528168678283691e+00 -3.150717735290527344e+00 1.405265688896179199e+00 -3.394869089126586914e+00 -1.760507822036743164e-01 -6.639232635498046875e-01 -7.821035385131835938e-01 5.595008730888366699e-01 1.267327904701232910e+00 -1.178529500961303711e+00 -2.126941680908203125e+00 -2.425831556320190430e+00 -1.795754909515380859e+00 5.151449203491210938e+00 1.235303640365600586e+00 -2.142733812332153320e+00
-6.174642086029052734e+00 3.458687305450439453e+00 2.483359336853027344e+00 -5.105360507965087891e+00 2.113710939884185791e-01 -2.474443912506103516e-01 -2.456241607666015625e+00 4.616943836212158203e+00 4.258707463741302490e-01 4.829827785491943359e+00 -1.051778435707092285e+00 -4.237171173095703125e+00 -9.660706520080566406e+00 -3.752867877483367920e-01 4.031063914299011230e-01 1.905353069305419922e+00 -3.315546274185180664e+00 1.056918621063232422e+00 -3.920290708541870117e+00 -8.515102386474609375e+00 -2.598172664642333984e+00 -2.241076231002807617e+00 -3.530897378921508789e+00 1.235303640365600586e+00 1.363700962066650391e+01 -7.017357349395751953e+00
1.585497856140136719e-01 -1.299557447433471680e+00 1.139590144157409668e-01 1.173389911651611328e+00 -3.636378049850463867e-01 -3.579863607883453369e-01 4.263097286224365234e+00 -6.551260471343994141e+00 6.675692796707153320e-01 2.718589544296264648e+00 2.233566045761108398e+00 8.800473809242248535e-01 5.315259456634521484e+00 5.024465084075927734e+00 -7.398697376251220703e+00 2.048972845077514648e+00 1.432245612144470215e+00 -1.257995605468750000e+00 6.642861962318420410e-01 4.760186195373535156e+00 7.997305393218994141e-01 3.101773023605346680e+00 6.474857330322265625e+00 -2.142733812332153320e+00 -7.017357349395751953e+00 1.181914043426513672e+01
