4.002457141876220703e+00 -4.436631202697753906e-01 2.435945034027099609e+00 -2.267341017723083496e-01 -2.510810375213623047e+00 -2.496677875518798828e+00 -1.620077371597290039e+00 5.488598942756652832e-01 -1.680287241935729980e+00 -3.893490433692932129e-01 2.413792610168457031e+00 1.625420451164245605e+00 6.771304011344909668e-01 5.291444659233093262e-01 -2.379652023315429688e+00 1.491340249776840210e-01 -3.326399803161621094e+00 1.011619091033935547e+00 2.611048698425292969e+00 1.715729475021362305e+00 1.664409756660461426e+00 1.796022057533264160e+00 4.913620471954345703e+00 -8.938018679618835449e-01 -5.049346089363098145e-01 -1.516374945640563965e-01
-4.436631202697753906e-01 3.522285223007202148e+00 1.661373734474182129e+00 2.360232830047607422e+00 2.346560716629028320e+00 1.896659731864929199e+00 2.282475471496582031e+00 3.933668375015258789e+00 6.131624579429626465e-01 1.619432806968688965e+00 6.569581031799316406e-01 -1.670332908630371094e+00 -2.020003318786621094e+00 2.248757600784301758e+00 -3.199022412300109863e-01 -1.808941602706909180e+00 -1.936394274234771729e-01 2.660200595855712891e+00 -1.165968656539916992e+00 3.773849606513977051e-01 6.430864334106445312e-01 2.072399407625198364e-01 1.160775423049926758e+00 -5.836898088455200195e-01 -1.702206850051879883e+00 2.716020941734313965e-01
2.435945034027099609e+00 1.661373734474182129e+00 4.818914413452148438e+00 1.466239452362060547e+00 1.755422055721282959e-01 -9.118283987045288086e-01 1.346969366073608398e+00 2.887405395507812500e+00 -1.317069768905639648e+00 -7.345181107521057129e-01 1.194183707237243652e+00 -1.200741529464721680e+00 -1.016147851943969727e+00 2.359940052032470703e+00 4.611439406871795654e-01 -1.859918355941772461e+00 -3.117398738861083984e+00 1.914764165878295898e+00 -2.745705604553222656e+00 -9.320461153984069824e-01 -7.198519259691238403e-02 3.567295312881469727e+00 4.543502330780029297e+00 -3.947103261947631836e+00 -7.459236383438110352e-01 2.619629144668579102e+00
-2.267341017723083496e-01 2.360232830047607422e+00 1.466239452362060547e+00 7.160473346710205078e+00 2.443424940109252930e+00 9.093126654624938965e-01 6.254696369171142578e+00 -7.205321192741394043e-01 -3.001563072204589844e+00 2.053836345672607422e+00 2.972861766815185547e+00 -4.520823955535888672e+00 -5.353541374206542969e+00 -3.359758555889129639e-01 -8.034893870353698730e-01 -2.277042388916015625e+00 3.171731710433959961e+00 5.207667827606201172e+00 -1.100880265235900879e+00 -3.249684095382690430e+00 1.704763770103454590e+00 3.265779495239257812e+00 -1.893018245697021484e+00 -5.118790626525878906e+00 -3.186430454254150391e+00 5.099533200263977051e-01
-2.510810375213623047e+00 2.346560716629028320e+00 1.755422055721282959e-01 2.443424940109252930e+00 6.351108551025390625e+00 2.054146379232406616e-01 3.845326662063598633e+00 -1.238708138465881348e+00 3.787979841232299805e+00 2.521189749240875244e-01 1.028568983078002930e+00 -3.027150392532348633e+00 -3.689048051834106445e+00 2.640916585922241211e+00 -5.424669384956359863e-01 -4.690299987792968750e+00 1.856837630271911621e+00 4.270471632480621338e-03 -4.912608623504638672e+00 -5.507856011390686035e-01 -2.453949213027954102e+00 -1.154937505722045898e+00 -1.040967941284179688e+00 -2.546781539916992188e+00 5.920138359069824219e-01 1.440170526504516602e+00
-2.496677875518798828e+00 1.896659731864929199e+00 -9.118283987045288086e-01 9.093126654624938965e-01 2.054146379232406616e-01 5.339706897735595703e+00 2.949260234832763672e+00 3.579043626785278320e+00 -1.307741880416870117e+00 2.669945716857910156e+00 -2.037240505218505859e+00 5.897301807999610901e-02 3.336138486862182617e+00 5.275898575782775879e-01 3.927959680557250977e+00 2.319793224334716797e+00 1.792357087135314941e+00 1.453830450773239136e-01 -9.038124680519104004e-01 -2.917706251144409180e+00 -7.469636201858520508e-01 -1.028780817985534668e+00 -1.744067430496215820e+00 1.940764904022216797e+00 -1.886698007583618164e-01 6.336421966552734375e-01
-1.620077371597290039e+00 2.282475471496582031e+00 1.346969366073608398e+00 6.254696369171142578e+00 3.845326662063598633e+00 2.949260234832763672e+00 1.297621726989746094e+01 -6.033205389976501465e-01 2.428517818450927734e+00 3.737953662872314453e+00 4.239727497100830078e+00 -3.125210523605346680e+00 -3.550942897796630859e+00 9.636045098304748535e-01 3.278488159179687500e+00 -2.707879304885864258e+00 3.833261251449584961e+00 3.705225229263305664e+00 -4.993074417114257812e+00 -6.085199832916259766e+00 -3.783286809921264648e+00 1.220140218734741211e+00 -2.343821972608566284e-01 -3.462169647216796875e+00 1.152019739151000977e+00 3.001008510589599609e+00
5.488598942756652832e-01 3.933668375015258789e+00 2.887405395507812500e+00 -7.205321192741394043e-01 -1.238708138465881348e+00 3.579043626785278320e+00 -6.033205389976501465e-01 9.775587081909179688e+00 -1.579354763031005859e+00 4.768467843532562256e-01 -1.120136380195617676e+00 1.114698648452758789e+00 9.828790426254272461e-01 1.889094591140747070e+00 2.502201318740844727e+00 1.114905834197998047e+00 -4.218075752258300781e+00 1.818238139152526855e+00 8.838759660720825195e-01 1.675654053688049316e+00 2.302845239639282227e+00 4.426413774490356445e-01 3.486228227615356445e+00 2.626568794250488281e+00 -1.552399039268493652e+00 -4.046187400817871094e-01
-1.680287241935729980e+00 6.131624579429626465e-01 -1.317069768905639648e+00 -3.001563072204589844e+00 3.787979841232299805e+00 -1.307741880416870117e+00 2.428517818450927734e+00 -1.579354763031005859e+00 1.608202934265136719e+01 3.844706296920776367e+00 -1.385144591331481934e-01 -6.123874783515930176e-01 -2.550962686538696289e+00 3.965405464172363281e+00 -3.395622491836547852e+00 -3.991226434707641602e+00 3.375634431838989258e+00 1.254655480384826660e+00 -4.549928665161132812e+00 3.015706300735473633e+00 -7.286780834197998047e+00 -5.288792133331298828e+00 1.187558054924011230e+00 3.904023408889770508e+00 2.725365638732910156e+00 1.467030525207519531e+00
-3.893490433692932129e-01 1.619432806968688965e+00 -7.345181107521057129e-01 2.053836345672607422e+00 2.521189749240875244e-01 2.669945716857910156e+00 3.737953662872314453e+00 4.768467843532562256e-01 3.844706296920776367e+00 5.968223094940185547e+00 2.143129855394363403e-01 -8.540959954261779785e-01 1.366010546684265137e+00 1.912877559661865234e+00 -1.606993198394775391e+00 6.095104217529296875e-01 4.119447231292724609e+00 3.687418222427368164e+00 -5.654394626617431641e-02 -1.288866519927978516e+00 -2.001827239990234375e+00 -1.437854766845703125e+00 1.417315304279327393e-01 1.541676878929138184e+00 -1.246821165084838867e+00 7.151471376419067383e-01
2.413792610168457031e+00 6.569581031799316406e-01 1.194183707237243652e+00 2.972861766815185547e+00 1.028568983078002930e+00 -2.037240505218505859e+00 4.239727497100830078e+00 -1.120136380195617676e+00 -1.385144591331481934e-01 2.143129855394363403e-01 6.062470436096191406e+00 4.347278773784637451e-01 -3.628580570220947266e+00 -1.474583297967910767e-01 -2.313513994216918945e+00 -2.402901887893676758e+00 -1.492645859718322754e+00 1.876321315765380859e+00 2.188432216644287109e+00 1.070612668991088867e+00 1.325402736663818359e+00 6.254001855850219727e-01 3.372697830200195312e+00 -1.443116664886474609e+00 3.500775396823883057e-01 -1.113050460815429688e+00
1.625420451164245605e+00 -1.670332908630371094e+00 -1.200741529464721680e+00 -4.520823955535888672e+00 -3.027150392532348633e+00 5.897301807999610901e-02 -3.125210523605346680e+00 1.114698648452758789e+00 -6.123874783515930176e-01 -8.540959954261779785e-01 4.347278773784637451e-01 5.634543895721435547e+00 6.023411750793457031e+00 -2.138506174087524414e-01 7.822630405426025391e-01 2.994749546051025391e+00 -3.861270189285278320e+00 -4.277484416961669922e+00 3.993388414382934570e+00 2.405701875686645508e+00 1.962268799543380737e-01 -2.684117078781127930e+00 3.693666458129882812e+00 4.774925708770751953e+00 2.891349792480468750e+00 -1.452832341194152832e+00
6.771304011344909668e-01 -2.020003318786621094e+00 -1.016147851943969727e+00 -5.353541374206542969e+00 -3.689048051834106445e+00 3.336138486862182617e+00 -3.550942897796630859e+00 9.828790426254272461e-01 -2.550962686538696289e+00 1.366010546684265137e+00 -3.628580570220947266e+00 6.023411750793457031e+00 1.435083293914794922e+01 2.205007553100585938e+00 3.721044778823852539e+00 5.854030132293701172e+00 -2.217292070388793945e+00 -6.667881011962890625e+00 6.308437585830688477e-01 -2.093058347702026367e+00 -3.027444124221801758e+00 -2.469755172729492188e+00 3.819146633148193359e+00 3.859397888183593750e+00 3.540535211563110352e+00 2.255719423294067383e+00
5.291444659233093262e-01 2.248757600784301758e+00 2.359940052032470703e+00 -3.359758555889129639e-01 2.640916585922241211e+00 5.275898575782775879e-01 9.636045098304748535e-01 1.889094591140747070e+00 3.965405464172363281e+00 1.912877559661865234e+00 -1.474583297967910767e-01 -2.138506174087524414e-01 2.205007553100585938e+00 4.995980262756347656e+00 -9.201315045356750488e-01 -2.202235698699951172e+00 -9.606590270996093750e-01 -2.589589916169643402e-02 -3.796618461608886719e+00 2.183900624513626099e-01 -3.178712606430053711e+00 -7.973889708518981934e-01 4.365839004516601562e+00 -8.240724802017211914e-01 6.966996192932128906e-01 2.857667207717895508e+00
-2.379652023315429688e+00 -3.199022412300109863e-01 4.611439406871795654e-01 -8.034893870353698730e-01 -5.424669384956359863e-01 3.927959680557250977e+00 3.278488159179687500e+00 2.502201318740844727e+00 -3.395622491836547852e+00 -1.606993198394775391e+00 -2.313513994216918945e+00 7.822630405426025391e-01 3.721044778823852539e+00 -9.201315045356750488e-01 8.152340888977050781e+00 2.359457731246948242e+00 -8.688556551933288574e-01 -3.221809864044189453e+00 -3.695566892623901367e+00 -5.136567592620849609e+00 -2.082310199737548828e+00 9.783117771148681641e-01 -1.381610035896301270e+00 -2.478965818881988525e-01 2.631607055664062500e+00 2.456055879592895508e+00
1.491340249776840210e-01 -1.808941602706909180e+00 -1.859918355941772461e+00 -2.277042388916015625e+00 -4.690299987792968750e+00 2.319793224334716797e+00 -2.707879304885864258e+00 1.114905834197998047e+00 -3.991226434707641602e+00 6.095104217529296875e-01 -2.402901887893676758e+00 2.994749546051025391e+00 5.854030132293701172e+00 -2.202235698699951172e+00 2.359457731246948242e+00 5.296772956848144531e+00 -1.481193304061889648e-01 -1.708790540695190430e+00 3.697988033294677734e+00 -9.869846105575561523e-01 1.307953119277954102e+00 -4.966145157814025879e-01 -1.043524265289306641e+00 3.398171186447143555e+00 1.154502034187316895e-01 -1.106438040733337402e+00
-3.326399803161621094e+00 -1.936394274234771729e-01 -3.117398738861083984e+00 3.171731710433959961e+00 1.856837630271911621e+00 1.792357087135314941e+00 3.833261251449584961e+00 -4.218075752258300781e+00 3.375634431838989258e+00 4.119447231292724609e+00 -1.492645859718322754e+00 -3.861270189285278320e+00 -2.217292070388793945e+00 -9.606590270996093750e-01 -8.688556551933288574e-01 -1.481193304061889648e-01 7.981529235839843750e+00 3.073056936264038086e+00 -2.060181379318237305e+00 -3.254171609878540039e+00 -2.287099599838256836e+00 -8.910194039344787598e-01 -6.523434638977050781e+00 -6.337140798568725586e-01 -1.540071249008178711e+00 4.796602725982666016e-01
1.011619091033935547e+00 2.660200595855712891e+00 1.914764165878295898e+00 5.207667827606201172e+00 4.270471632480621338e-03 1.453830450773239136e-01 3.705225229263305664e+00 1.818238139152526855e+00 1.254655480384826660e+00 3.687418222427368164e+00 1.876321315765380859e+00 -4.277484416961669922e+00 -6.667881011962890625e+00 -2.589589916169643402e-02 -3.221809864044189453e+00 -1.708790540695190430e+00 3.073056936264038086e+00 8.281332969665527344e+00 5.974174141883850098e-01 -1.998011916875839233e-01 2.005616188049316406e+00 2.734554529190063477e+00 -7.737348079681396484e-01 -2.185963153839111328e+00 -4.664479255676269531e+00 -4.583615660667419434e-01
2.611048698425292969e+00 -1.165968656539916992e+00 -2.745705604553222656e+00 -1.100880265235900879e+00 -4.912608623504638672e+00 -9.038124680519104004e-01 -4.993074417114257812e+00 8.838759660720825195e-01 -4.549928665161132812e+00 -5.654394626617431641e-02 2.188432216644287109e+00 3.993388414382934570e+00 6.308437585830688477e-01 -3.796618461608886719e+00 -3.695566892623901367e+00 3.697988033294677734e+00 -2.060181379318237305e+00 5.974174141883850098e-01 1.073374748229980469e+01 5.112748146057128906e+00 6.632943630218505859e+00 -1.480730772018432617e+00 3.518653512001037598e-01 5.124511241912841797e+00 -1.974390149116516113e+00 -6.150382995605468750e+00
1.715729475021362305e+00 3.773849606513977051e-01 -9.320461153984069824e-01 -3.249684095382690430e+00 -5.507856011390686035e-01 -2.917706251144409180e+00 -6.085199832916259766e+00 1.675654053688049316e+00 3.015706300735473633e+00 -1.288866519927978516e+00 1.070612668991088867e+00 2.405701875686645508e+00 -2.093058347702026367e+00 2.183900624513626099e-01 -5.136567592620849609e+00 -9.869846105575561523e-01 -3.254171609878540039e+00 -1.998011916875839233e-01 5.112748146057128906e+00 7.643180370330810547e+00 3.022603750228881836e+00 -2.869352579116821289e+00 2.357675552368164062e+00 4.335936546325683594e+00 -6.461247801780700684e-01 -4.019815444946289062e+00
1.664409756660461426e+00 6.430864334106445312e-01 -7.198519259691238403e-02 1.704763770103454590e+00 -2.453949213027954102e+00 -7.469636201858520508e-01 -3.783286809921264648e+00 2.302845239639282227e+00 -7.286780834197998047e+00 -2.001827239990234375e+00 1.325402736663818359e+00 1.962268799543380737e-01 -3.027444124221801758e+00 -3.178712606430053711e+00 -2.082310199737548828e+00 1.307953119277954102e+00 -2.287099599838256836e+00 2.005616188049316406e+00 6.632943630218505859e+00 3.022603750228881836e+00 7.352246284484863281e+00 1.874061346054077148e+00 -1.013970613479614258e+00 2.092617452144622803e-01 -3.719236850738525391e+00 -4.326663970947265625e+00
1.796022057533264160e+00 2.072399407625198364e-01 3.567295312881469727e+00 3.265779495239257812e+00 -1.154937505722045898e+00 -1.028780817985534668e+00 1.220140218734741211e+00 4.426413774490356445e-01 -5.288792133331298828e+00 -1.437854766845703125e+00 6.254001855850219727e-01 -2.684117078781127930e+00 -2.469755172729492188e+00 -7.973889708518981934e-01 9.783117771148681641e-01 -4.966145157814025879e-01 -8.910194039344787598e-01 2.734554529190063477e+00 -1.480730772018432617e+00 -2.869352579116821289e+00 1.874061346054077148e+00 5.374345779418945312e+00 4.349562525749206543e-01 -5.578634738922119141e+00 -2.234396457672119141e+00 1.731899023056030273e+00
4.913620471954345703e+00 1.160775423049926758e+00 4.543502330780029297e+00 -1.893018245697021484e+00 -1.040967941284179688e+00 -1.744067430496215820e+00 -2.343821972608566284e-01 3.486228227615356445e+00 1.187558054924011230e+00 1.417315304279327393e-01 3.372697830200195312e+00 3.693666458129882812e+00 3.819146633148193359e+00 4.365839004516601562e+00 -1.381610035896301270e+00 -1.043524265289306641e+00 -6.523434638977050781e+00 -7.737348079681396484e-01 3.518653512001037598e-01 2.357675552368164062e+00 -1.013970613479614258e+00 4.349562525749206543e-01 1.042835712432861328e+01 2.104105427861213684e-03 1.900172591209411621e+00 1.836395740509033203e+00
-8.938018679618835449e-01 -5.836898088455200195e-01 -3.947103261947631836e+00 -5.118790626525878906e+00 -2.546781539916992188e+00 1.940764904022216797e+00 -3.462169647216796875e+00 2.626568794250488281e+00 3.904023408889770508e+00 1.541676878929138184e+00 -1.443116664886474609e+00 4.774925708770751953e+00 3.859397888183593750e+00 -8.240724802017211914e-01 -2.478965818881988525e-01 3.398171186447143555e+00 -6.337140798568725586e-01 -2.185963153839111328e+00 5.124511241912841797e+00 4.335936546325683594e+00 2.092617452144622803e-01 -5.578634738922119141e+00 2.104105427861213684e-03 8.925713539123535156e+00 1.625153899192810059e+00 -3.548166036605834961e+00
-5.049346089363098145e-01 -1.702206850051879883e+00 -7.459236383438110352e-01 -3.186430454254150391e+00 5.920138359069824219e-01 -1.886698007583618164e-01 1.152019739151000977e+00 -1.552399039268493652e+00 2.725365638732910156e+00 -1.246821165084838867e+00 3.500775396823883057e-01 2.891349792480468750e+00 3.540535211563110352e+00 6.966996192932128906e-01 2.631607055664062500e+00 1.154502034187316895e-01 -1.540071249008178711e+00 -4.664479255676269531e+00 -1.974390149116516113e+00 -6.461247801780700684e-01 -3.719236850738525391e+00 -2.234396457672119141e+00 1.900172591209411621e+00 1.625153899192810059e+00 4.549682140350341797e+00 1.375491261482238770e+00
-1.516374945640563965e-01 2.716020941734313965e-01 2.619629144668579102e+00 5.099533200263977051e-01 1.440170526504516602e+00 6.336421966552734375e-01 3.001008510589599609e+00 -4.046187400817871094e-01 1.467030525207519531e+00 7.151471376419067383e-01 -1.113050460815429688e+00 -1.452832341194152832e+00 2.255719423294067383e+00 2.857667207717895508e+00 2.456055879592895508e+00 -1.106438040733337402e+00 4.796602725982666016e-01 -4.583615660667419434e-01 -6.150382995605468750e+00 -4.019815444946289062e+00 -4.326663970947265625e+00 1.731899023056030273e+00 1.836395740509033203e+00 -3.548166036605834961e+00 1.375491261482238770e+00 4.663482189178466797e+00
