5.373789787292480469e+00 -6.627398729324340820e-01 -5.562074780464172363e-01 3.429588317871093750e+00 -1.323723793029785156e+00 1.933724403381347656e+00 -1.710573434829711914e+00 -3.066403150558471680e+00 6.115742325782775879e-01 9.068442583084106445e-01 3.359530210494995117e+00 2.468917846679687500e+00 6.159686446189880371e-01 1.939468860626220703e+00 1.573591589927673340e+00 -1.304641515016555786e-01 -2.589674472808837891e+00 2.781867742538452148e+00 -1.204652070999145508e+00 1.623238921165466309e+00 -6.140728950500488281e+00 -3.329315662384033203e+00 -6.851801276206970215e-01 -1.217087507247924805e+00 -1.496662497520446777e+00 -2.929500818252563477e+00
-6.627398729324340820e-01 5.251167297363281250e+00 -4.979753792285919189e-01 9.223098754882812500e-01 -7.255957722663879395e-01 1.044807910919189453e+00 4.325596332550048828e+00 -2.097497463226318359e+00 -2.769804716110229492e+00 8.786633014678955078e-01 2.159024953842163086e+00 -3.107681035995483398e+00 6.017378717660903931e-02 3.322610616683959961e+00 -4.408927857875823975e-01 -7.069161534309387207e-01 -7.561101317405700684e-01 -1.737314105033874512e+00 -9.137067198753356934e-02 -7.596657872200012207e-01 -1.258535861968994141e+00 -2.482106983661651611e-01 1.568243265151977539e+00 6.286833286285400391e-01 9.906776547431945801e-01 6.603503227233886719e-01
-5.562074780464172363e-01 -4.979753792285919189e-01 5.911421775817871094e-01 7.575578242540359497e-02 9.606248736381530762e-01 -6.321519017219543457e-01 2.279466576874256134e-02 -6.987057626247406006e-03 4.832088053226470947e-01 -3.009540438652038574e-01 -1.098775506019592285e+00 -4.776727259159088135e-01 -2.044948786497116089e-01 -1.865947365760803223e+00 -8.676069974899291992e-01 -6.202728748321533203e-01 2.495059967041015625e-01 -1.063654348254203796e-01 6.559902429580688477e-01 -1.064272403717041016e+00 1.484082460403442383e+00 2.269707620143890381e-03 8.797374963760375977e-01 -3.159202933311462402e-01 -1.770936995744705200e-01 2.635501325130462646e-01
3.429588317871093750e+00 9.223098754882812500e-01 7.575578242540359497e-02 4.608803749084472656e+00 1.423743844032287598e+00 1.691577553749084473e+00 -8.923419117927551270e-01 -1.935123920440673828e+00 4.231006801128387451e-01 5.650598406791687012e-01 2.829125404357910156e+00 6.479729413986206055e-01 -3.880389928817749023e-01 6.157870292663574219e-01 2.571133136749267578e+00 -1.160746812820434570e+00 -1.067445397377014160e+00 2.288892269134521484e+00 -1.857562661170959473e+00 -1.579418420791625977e+00 -5.478722572326660156e+00 -3.198324918746948242e+00 -4.560824930667877197e-01 -2.036062240600585938e+00 -6.849672794342041016e-01 -3.613275527954101562e+00
-1.323723793029785156e+00 -7.255957722663879395e-01 9.606248736381530762e-01 1.423743844032287598e+00 4.459527492523193359e+00 -5.387601256370544434e-01 -2.644707202911376953e+00 1.675939559936523438e+00 2.277723789215087891e+00 -1.508540034294128418e+00 9.040569663047790527e-01 -1.076489761471748352e-01 -1.807629108428955078e+00 -3.109923601150512695e+00 -2.568955719470977783e-01 -5.975243449211120605e-01 4.111048221588134766e+00 1.385398060083389282e-01 -1.638521671295166016e+00 -4.160004615783691406e+00 2.368824720382690430e+00 1.185817867517471313e-01 -1.355970501899719238e+00 -2.190171241760253906e+00 -5.802958011627197266e-01 5.159168243408203125e-01
1.933724403381347656e+00 1.044807910919189453e+00 -6.321519017219543457e-01 1.691577553749084473e+00 -5.387601256370544434e-01 1.818636417388916016e+00 -4.933847486972808838e-01 -1.597129583358764648e+00 -7.253211140632629395e-01 3.081398308277130127e-01 2.610222101211547852e+00 -2.452578693628311157e-01 -5.189815163612365723e-01 3.265887737274169922e+00 1.671486973762512207e+00 4.141444563865661621e-01 -8.658369183540344238e-01 1.443906188011169434e+00 -1.637518048286437988e+00 5.275614261627197266e-01 -3.559872627258300781e+00 -4.241225719451904297e-01 -4.371420443058013916e-01 -3.037685751914978027e-01 -1.030080437660217285e+00 -9.427964091300964355e-01
-1.710573434829711914e+00 4.325596332550048828e+00 2.279466576874256134e-02 -8.923419117927551270e-01 -2.644707202911376953e+00 -4.933847486972808838e-01 7.153621196746826172e+00 -1.935545206069946289e+00 -3.929210424423217773e+00 1.802921175956726074e+00 -3.045275688171386719e+00 -3.718542814254760742e+00 1.654778480529785156e+00 1.061149358749389648e+00 -8.922383785247802734e-01 -1.575300812721252441e+00 -4.168975353240966797e+00 -2.360617637634277344e+00 3.254771232604980469e+00 8.201227188110351562e-01 -3.999888524413108826e-02 -1.791086941957473755e-01 4.381547927856445312e+00 2.323982000350952148e+00 2.318337678909301758e+00 -3.091345727443695068e-01
-3.066403150558471680e+00 -2.097497463226318359e+00 -6.987057626247406006e-03 -1.935123920440673828e+00 1.675939559936523438e+00 -1.597129583358764648e+00 -1.935545206069946289e+00 6.361457824707031250e+00 1.301481008529663086e+00 -4.382004141807556152e-01 -2.782989501953125000e+00 2.502105236053466797e+00 1.818248629570007324e-01 -2.611886978149414062e+00 3.356431007385253906e+00 9.080239534378051758e-01 2.991558551788330078e+00 -8.317877650260925293e-01 -9.700005650520324707e-01 -5.375832915306091309e-01 1.231284022331237793e+00 9.568838477134704590e-01 -4.000312328338623047e+00 9.956045076251029968e-03 2.868057489395141602e+00 -1.780155897140502930e+00
6.115742325782775879e-01 -2.769804716110229492e+00 4.832088053226470947e-01 4.231006801128387451e-01 2.277723789215087891e+00 -7.253211140632629395e-01 -3.929210424423217773e+00 1.301481008529663086e+00 3.163920402526855469e+00 -1.225128293037414551e+00 1.316583871841430664e+00 2.588968515396118164e+00 -5.980581045150756836e-01 -3.013989925384521484e+00 -1.204180598258972168e+00 2.503305673599243164e-01 3.212109804153442383e+00 4.452336430549621582e-01 -1.011716842651367188e+00 -1.378772139549255371e+00 1.925049066543579102e+00 -6.178308725357055664e-01 -2.262772321701049805e+00 -1.790386557579040527e+00 -9.214534163475036621e-01 7.683988809585571289e-01
9.068442583084106445e-01 8.786633014678955078e-01 -3.009540438652038574e-01 5.650598406791687012e-01 -1.508540034294128418e+00 3.081398308277130127e-01 1.802921175956726074e+00 -4.382004141807556152e-01 -1.225128293037414551e+00 1.150099039077758789e+00 -7.999296188354492188e-01 1.910566389560699463e-01 1.080307126045227051e+00 8.601900339126586914e-01 1.601098775863647461e+00 -4.073539972305297852e-01 -2.482916355133056641e+00 1.953378170728683472e-01 6.050275564193725586e-01 1.214910268783569336e+00 -2.784126758575439453e+00 -1.223870635032653809e+00 5.213360786437988281e-01 6.045256853103637695e-01 1.112875461578369141e+00 -2.187033653259277344e+00
3.359530210494995117e+00 2.159024953842163086e+00 -1.098775506019592285e+00 2.829125404357910156e+00 9.040569663047790527e-01 2.610222101211547852e+00 -3.045275688171386719e+00 -2.782989501953125000e+00 1.316583871841430664e+00 -7.999296188354492188e-01 9.210927963256835938e+00 1.195577502250671387e+00 -1.441892027854919434e+00 4.439445972442626953e+00 -1.423497200012207031e+00 1.165051937103271484e+00 3.568854093551635742e+00 5.440793037414550781e-01 -4.026843070983886719e+00 -8.271999955177307129e-01 -2.363764286041259766e+00 -1.190437912940979004e+00 -3.113094568252563477e+00 -2.167473316192626953e+00 -2.470262765884399414e+00 2.353024959564208984e+00
2.468917846679687500e+00 -3.107681035995483398e+00 -4.776727259159088135e-01 6.479729413986206055e-01 -1.076489761471748352e-01 -2.452578693628311157e-01 -3.718542814254760742e+00 2.502105236053466797e+00 2.588968515396118164e+00 1.910566389560699463e-01 1.195577502250671387e+00 5.428510189056396484e+00 1.149531722068786621e+00 -1.475496053695678711e+00 2.183023452758789062e+00 8.467733263969421387e-01 1.031243562698364258e+00 1.046440124511718750e+00 -1.336960196495056152e+00 1.465320825576782227e+00 -2.729205608367919922e+00 -2.419206380844116211e+00 -4.338819503784179688e+00 -1.169756293296813965e+00 9.310337901115417480e-01 -2.700774192810058594e+00
6.159686446189880371e-01 6.017378717660903931e-02 -2.044948786497116089e-01 -3.880389928817749023e-01 -1.807629108428955078e+00 -5.189815163612365723e-01 1.654778480529785156e+00 1.818248629570007324e-01 -5.980581045150756836e-01 1.080307126045227051e+00 -1.441892027854919434e+00 1.149531722068786621e+00 1.651982784271240234e+00 -4.691567718982696533e-01 4.926712810993194580e-01 -3.331881761550903320e-01 -2.076882362365722656e+00 -5.140201449394226074e-01 1.360036611557006836e+00 1.661077857017517090e+00 -1.334233999252319336e+00 -1.351843714714050293e+00 2.411056756973266602e-01 7.586012482643127441e-01 1.549516201019287109e+00 -1.586566925048828125e+00
1.939468860626220703e+00 3.322610616683959961e+00 -1.865947365760803223e+00 6.157870292663574219e-01 -3.109923601150512695e+00 3.265887737274169922e+00 1.061149358749389648e+00 -2.611886978149414062e+00 -3.013989925384521484e+00 8.601900339126586914e-01 4.439445972442626953e+00 -1.475496053695678711e+00 -4.691567718982696533e-01 8.371337890625000000e+00 2.325937032699584961e+00 1.731413364410400391e+00 -1.879021048545837402e+00 1.051259040832519531e+00 -2.352880001068115234e+00 2.805800199508666992e+00 -5.235255718231201172e+00 1.035702228546142578e+00 -5.370842814445495605e-01 1.235695838928222656e+00 -1.101512789726257324e+00 1.664763092994689941e-01
1.573591589927673340e+00 -4.408927857875823975e-01 -8.676069974899291992e-01 2.571133136749267578e+00 -2.568955719470977783e-01 1.671486973762512207e+00 -8.922383785247802734e-01 3.356431007385253906e+00 -1.204180598258972168e+00 1.601098775863647461e+00 -1.423497200012207031e+00 2.183023452758789062e+00 4.926712810993194580e-01 2.325937032699584961e+00 9.615632057189941406e+00 3.600352406501770020e-01 -2.741816282272338867e+00 3.114978790283203125e+00 -2.634586334228515625e+00 1.157446980476379395e+00 -9.157929420471191406e+00 -1.759615182876586914e+00 -3.272167682647705078e+00 -1.260508149862289429e-01 2.382676124572753906e+00 -8.072676658630371094e+00
-1.304641515016555786e-01 -7.069161534309387207e-01 -6.202728748321533203e-01 -1.160746812820434570e+00 -5.975243449211120605e-01 4.141444563865661621e-01 -1.575300812721252441e+00 9.080239534378051758e-01 2.503305673599243164e-01 -4.073539972305297852e-01 1.165051937103271484e+00 8.467733263969421387e-01 -3.331881761550903320e-01 1.731413364410400391e+00 3.600352406501770020e-01 1.399702310562133789e+00 1.180429339408874512e+00 1.254356503486633301e-01 -1.080028533935546875e+00 1.173189759254455566e+00 1.803915053606033325e-01 1.254089355468750000e+00 -1.704138636589050293e+00 3.361054360866546631e-01 -4.301155507564544678e-01 1.064458370208740234e+00
-2.589674472808837891e+00 -7.561101317405700684e-01 2.495059967041015625e-01 -1.067445397377014160e+00 4.111048221588134766e+00 -8.658369183540344238e-01 -4.168975353240966797e+00 2.991558551788330078e+00 3.212109804153442383e+00 -2.482916355133056641e+00 3.568854093551635742e+00 1.031243562698364258e+00 -2.076882362365722656e+00 -1.879021048545837402e+00 -2.741816282272338867e+00 1.180429339408874512e+00 7.797614097595214844e+00 -1.742487311363220215e+00 -2.583710193634033203e+00 -3.380778312683105469e+00 5.760853290557861328e+00 1.879423856735229492e+00 -3.849591016769409180e+00 -1.893018484115600586e+00 -7.175000309944152832e-01 4.454644680023193359e+00
2.781867742538452148e+00 -1.737314105033874512e+00 -1.063654348254203796e-01 2.288892269134521484e+00 1.385398060083389282e-01 1.443906188011169434e+00 -2.360617637634277344e+00 -8.317877650260925293e-01 4.452336430549621582e-01 1.953378170728683472e-01 5.440793037414550781e-01 1.046440124511718750e+00 -5.140201449394226074e-01 1.051259040832519531e+00 3.114978790283203125e+00 1.254356503486633301e-01 -1.742487311363220215e+00 3.168702602386474609e+00 -1.416586875915527344e+00 5.143933296203613281e-01 -4.381114482879638672e+00 -1.008734703063964844e+00 -5.188226699829101562e-01 -8.488329052925109863e-01 -1.466867089271545410e+00 -2.975100517272949219e+00
-1.204652070999145508e+00 -9.137067198753356934e-02 6.559902429580688477e-01 -1.857562661170959473e+00 -1.638521671295166016e+00 -1.637518048286437988e+00 3.254771232604980469e+00 -9.700005650520324707e-01 -1.011716842651367188e+00 6.050275564193725586e-01 -4.026843070983886719e+00 -1.336960196495056152e+00 1.360036611557006836e+00 -2.352880001068115234e+00 -2.634586334228515625e+00 -1.080028533935546875e+00 -2.583710193634033203e+00 -1.416586875915527344e+00 3.598926067352294922e+00 9.274811148643493652e-01 2.858508586883544922e+00 1.746227294206619263e-01 3.486471414566040039e+00 1.489799499511718750e+00 7.788485288619995117e-01 8.551844954490661621e-01
1.623238921165466309e+00 -7.596657872200012207e-01 -1.064272403717041016e+00 -1.579418420791625977e+00 -4.160004615783691406e+00 5.275614261627197266e-01 8.201227188110351562e-01 -5.375832915306091309e-01 -1.378772139549255371e+00 1.214910268783569336e+00 -8.271999955177307129e-01 1.465320825576782227e+00 1.661077857017517090e+00 2.805800199508666992e+00 1.157446980476379395e+00 1.173189759254455566e+00 -3.380778312683105469e+00 5.143933296203613281e-01 9.274811148643493652e-01 4.482081890106201172e+00 -2.683089494705200195e+00 -5.467902868986129761e-03 -6.810406595468521118e-02 1.881433367729187012e+00 4.117253422737121582e-01 -9.723525643348693848e-01
-6.140728950500488281e+00 -1.258535861968994141e+00 1.484082460403442383e+00 -5.478722572326660156e+00 2.368824720382690430e+00 -3.559872627258300781e+00 -3.999888524413108826e-02 1.231284022331237793e+00 1.925049066543579102e+00 -2.784126758575439453e+00 -2.363764286041259766e+00 -2.729205608367919922e+00 -1.334233999252319336e+00 -5.235255718231201172e+00 -9.157929420471191406e+00 1.803915053606033325e-01 5.760853290557861328e+00 -4.381114482879638672e+00 2.858508586883544922e+00 -2.683089494705200195e+00 1.399015426635742188e+01 4.731298446655273438e+00 2.231447219848632812e+00 6.300740838050842285e-01 -1.132218360900878906e+00 9.265947341918945312e+00
-3.329315662384033203e+00 -2.482106983661651611e-01 2.269707620143890381e-03 -3.198324918746948242e+00 1.185817867517471313e-01 -4.241225719451904297e-01 -1.791086941957473755e-01 9.568838477134704590e-01 -6.178308725357055664e-01 -1.223870635032653809e+00 -1.190437912940979004e+00 -2.419206380844116211e+00 -1.351843714714050293e+00 1.035702228546142578e+00 -1.759615182876586914e+00 1.254089355468750000e+00 1.879423856735229492e+00 -1.008734703063964844e+00 1.746227294206619263e-01 -5.467902868986129761e-03 4.731298446655273438e+00 4.157046794891357422e+00 7.223006486892700195e-01 1.297824263572692871e+00 -9.941387772560119629e-01 3.970551967620849609e+00
-6.851801276206970215e-01 1.568243265151977539e+00 8.797374963760375977e-01 -4.560824930667877197e-01 -1.355970501899719238e+00 -4.371420443058013916e-01 4.381547927856445312e+00 -4.000312328338623047e+00 -2.262772321701049805e+00 5.213360786437988281e-01 -3.113094568252563477e+00 -4.338819503784179688e+00 2.411056756973266602e-01 -5.370842814445495605e-01 -3.272167682647705078e+00 -1.704138636589050293e+00 -3.849591016769409180e+00 -5.188226699829101562e-01 3.486471414566040039e+00 -6.810406595468521118e-02 2.231447219848632812e+00 7.223006486892700195e-01 6.097497463226318359e+00 1.403308510780334473e+00 -1.035798549652099609e+00 1.578804254531860352e+00
-1.217087507247924805e+00 6.286833286285400391e-01 -3.159202933311462402e-01 -2.036062240600585938e+00 -2.190171241760253906e+00 -3.037685751914978027e-01 2.323982000350952148e+00 9.956045076251029968e-03 -1.790386557579040527e+00 6.045256853103637695e-01 -2.167473316192626953e+00 -1.169756293296813965e+00 7.586012482643127441e-01 1.235695838928222656e+00 -1.260508149862289429e-01 3.361054360866546631e-01 -1.893018484115600586e+00 -8.488329052925109863e-01 1.489799499511718750e+00 1.881433367729187012e+00 6.300740838050842285e-01 1.297824263572692871e+00 1.403308510780334473e+00 1.844409584999084473e+00 7.788761258125305176e-01 5.317879915237426758e-01
-1.496662497520446777e+00 9.906776547431945801e-01 -1.770936995744705200e-01 -6.849672794342041016e-01 -5.802958011627197266e-01 -1.030080437660217285e+00 2.318337678909301758e+00 2.868057489395141602e+00 -9.214534163475036621e-01 1.112875461578369141e+00 -2.470262765884399414e+00 9.310337901115417480e-01 1.549516201019287109e+00 -1.101512789726257324e+00 2.382676124572753906e+00 -4.301155507564544678e-01 -7.175000309944152832e-01 -1.466867089271545410e+00 7.788485288619995117e-01 4.117253422737121582e-01 -1.132218360900878906e+00 -9.941387772560119629e-01 -1.035798549652099609e+00 7.788761258125305176e-01 3.463607549667358398e+00 -2.630567312240600586e+00
-2.929500818252563477e+00 6.603503227233886719e-01 2.635501325130462646e-01 -3.613275527954101562e+00 5.159168243408203125e-01 -9.427964091300964355e-01 -3.091345727443695068e-01 -1.780155897140502930e+00 7.683988809585571289e-01 -2.187033653259277344e+00 2.353024959564208984e+00 -2.700774192810058594e+00 -1.586566925048828125e+00 1.664763092994689941e-01 -8.072676658630371094e+00 1.064458370208740234e+00 4.454644680023193359e+00 -2.975100517272949219e+00 8.551844954490661621e-01 -9.723525643348693848e-01 9.265947341918945312e+00 3.970551967620849609e+00 1.578804254531860352e+00 5.317879915237426758e-01 -2.630567312240600586e+00 8.979195594787597656e+00
